84
4
4
4
4
68
8
8
4
4
4
8
6
14
3
3
5
44
4
4
6
4
4
77
12
15
50
12
19
59
7
10
13
12
11
12
13
5
14
51
21
9
23
29
3
35
3
47
33
4
24
24
22
26
38
3
14
35
19
4
4
5
3
4
3
4
5
4
55
5
4
5
8
4
9
8
9
5
6
28
4
4
4
4
4
65
3
10
4
4
63
12
11
9
6
4
6
4
5
37
10
3
4
3
3
66
4
4
3
8
4
11
14
24
20
13
17
3
4
7
3
3
3
4
12
13
11
4
4
42
11
4
4
7
49
5
3
4
4
5
5
4
3
5
3
5
58
17
28
10
3
10
12
3
7
14
10
5
48
30
4
41
11
15
16
7
18
4
18
3
5
9
6
9
3
8
8
7
9
22
15
8
35
14
5
5
49
12
7
8
45
14
4
3
3
58
5
4
13
56
18
17
4
3
4
3
3
3
6
3
7
4
6
3
4
12
5
7
66
3
6
11
8
53
9
10
11
41
8
16
11
45
7
6
9
5
12
7
4
4
8
7
3
12
3
7
5
3
4
3
3
7
8
4
8
6
4
8
4
3
4
3
4
8
5
4
7
3
3
4
3
3
3
4
39
7
11
4
3
4
3
4
5
4
3
37
4
4
3
3
4
4
4
4
4
3
49
4
4
4
4
8
6
4
4
3
42
3
4
3
4
3
4
3
3
4
58
3
4
3
4
4
4
4
3
3
3
5
4
6
4
3
3
3
4
4
4
4
3
48
4
3
5
4
4
4
4
4
3
54
4
3
4
3
3
3
4
3
4
3
53
4
4
3
4
3
3
4
3
3
3
4
3
3
4
3
3
4
4
3
56
4
3
3
4
4
3
3
3
4
4
53
4
7
9
3
3
4
4
4
5
4
4
4
4
4
5
4
5
49
4
9
5
5
4
4
3
3
4
4
45
4
3
3
4
4
3
3
3
3
4
52
4
3
3
4
3
4
3
3
4
52
4
3
3
4
3
4
3
3
4
3
3
52
5
3
4
3
3
3
3
8
5
4
3
44
3
3
10
3
3
4
3
3
2
3
3
2
44
3
3
3
3
3
4
3
3
3
3
3
56
4
3
2
3
3
3
3
3
3
3
3
3
52
3
3
3
3
4
3
3
3
3
3
3
3
52
3
3
3
3
2
3
3
3
3
3
3
3
3
3
4
3
3
3
3
3
7
2
3
48
3
4
3
3
3
3
3
4
3
3
3
48
3
4
3
3
3
3
4
2
3
3
3
2
4
3
3
4
4
3
3
4
4
4
4
3
4
3
3
3
3
4
3
3
4
2
3
3
3
3
3
3
3
3
2
3
3
2
3
3
4
3
7
3
3
3
3
5
2
4
3
48
3
3
4
3
3
3
3
2
3
3
2
3
52
3
3
3
3
3
3
3
3
3
3
3
3
3
4
3
3
4
3
3
3
3
2
3
56
4
3
4
3
4
3
4
3
3
3
3
52
3
3
3
3
3
2
3
3
3
64
4
4
3
3
4
3
3
4
3
2
56
4
3
3
3
3
4
4
8
4
2
3
3
8
3
3
3
3
3
2
3
4
3
3
3
49
3
4
3
3
3
8
3
3
56
4
3
3
4
3
3
3
4
3
3
57
3
20
6
4
3
4
4
3
3
4
33
3
4
3
3
4
3
9
3
4
3
3
45
3
4
4
3
4
4
3
3
3
3
52
4
3
3
9
5
4
3
3
3
4
4
44
4
3
3
3
3
3
3
3
3
3
57
3
4
6
5
4
3
3
3
3
3
49
2
3
3
3
3
3
3
3
3
3
4
3
3
3
4
3
3
3
6
3
4
3
3
5
3
3
3
3
3
3
3
7
3
3
7
3
51
3
3
3
3
3
4
3
3
3
3
53
2
3
7
3
3
3
4
4
3
3
2
3
48
3
4
3
4
3
3
4
3
3
3
3
52
4
3
3
3
4
3
3
4
3
3
3
52
3
4
3
3
4
3
4
3
3
7
3
48
3
4
3
3
3
3
4
3
7
3
3
48
3
4
3
3
3
3
4
3
3
3
3
3
3
4
3
4
3
2
3
3
3
2
3
56
3
3
3
3
3
3
3
3
4
3
3
57
3
4
3
3
3
3
4
3
4
3
3
3
4
3
4
3
3
3
4
4
3
3
52
4
3
4
4
4
3
4
3
3
4
57
7
4
11
5
4
3
4
3
4
4
3
5
9
5
4
4
4
41
4
4
4
4
3
3
4
4
3
5
48
3
4
4
9
4
3
4
43
3
3
4
4
3
3
3
4
3
4
3
3
